-2.575829304
-2.170090378
-1.959963985
-1.811910673
-1.69539771
-1.59819314
-1.514101888
-1.439531471
-1.372203809
-1.310579112
-1.253565438
-1.200358858
-1.15034938
-1.103062556
-1.058121618
-1.015222033
-0.974113877
-0.934589291
-0.896473364
-0.859617364
-0.82389363
-0.789191653
-0.755415026
-0.722479052
-0.690308824
-0.658837693
-0.628006014
-0.597760126
-0.568051498
-0.53883603
-0.510073457
-0.48172685
-0.45376219
-0.426148008
-0.398855066
-0.371856089
-0.345125531
-0.318639364
-0.292374896
-0.266310613
-0.240426031
-0.214701568
-0.189118426
-0.163658486
-0.138304208
-0.113038541
-0.087844838
-0.062706778
-0.037608288
-0.01253347
0.01253347
0.037608288
0.062706778
0.087844838
0.113038541
0.138304208
0.163658486
0.189118426
0.214701568
0.240426031
0.266310613
0.292374896
0.318639364
0.345125531
0.371856089
0.398855066
0.426148008
0.45376219
0.48172685
0.510073457
0.53883603
0.568051498
0.597760126
0.628006014
0.658837693
0.690308824
0.722479052
0.755415026
0.789191653
0.82389363
0.859617364
0.896473364
0.934589291
0.974113877
1.015222033
1.058121618
1.103062556
1.15034938
1.200358858
1.253565438
1.310579112
1.372203809
1.439531471
1.514101888
1.59819314
1.69539771
1.811910673
1.959963985
2.170090378
2.575829304

